"Interval start","All packets"
0,15
1,14
2,16
3,14
4,15
5,20
6,15
7,13
8,16
9,14
10,14
11,17
12,16
13,15
14,18
15,19
16,17
17,17
18,15
19,26
20,188
21,217
22,1911
23,2594
24,2632
25,1738
26,2215
27,2478
28,1263
29,2558
30,1013
31,1679
32,388
33,2112
34,693
35,705
36,1913
37,3275
38,3022
39,3434
40,2781
41,2854
42,4043
43,3160
44,4172
45,3323
46,580
47,1177
48,797
49,455
50,516
51,1007
52,712
53,224
54,1782
55,809
56,921
57,905
58,2107
59,464
60,209
61,806
62,3481
63,1400
64,1529
65,749
66,1045
67,609
68,2663
69,3034
70,2162
71,1462
72,1825
73,1410
74,1487
75,2702
76,1934
77,1633
78,821
79,219
80,2643
81,1049
82,1637
83,2439
84,3747
85,3444
86,1439
87,3621
88,7389
89,5246
90,3571
91,3001
92,2152
93,5900
94,9201
95,8093
96,7159
97,4263
98,2376
99,2847
100,2494
101,3405
102,3030
103,3175
104,6138
105,2259
106,2953
107,2537
108,2883
109,2309
110,1182
111,2158
112,1364
113,1676
114,1374
115,1330
116,1361
117,1168
118,1285
119,1881
120,1737
121,2296
122,903
123,3514
124,2444
125,4270
126,5321
127,4350
128,2944
129,1657
130,4146
131,3266
132,4059
133,1616
134,1655
135,1634
136,1045
137,2797
138,1028
139,1316
140,1412
141,3807
142,3371
143,2117
144,2953
145,1849
146,2070
147,3850
148,2233
149,1451
