"Interval start","All packets"
0,101
1,22
2,0
3,0
4,0
5,0
6,0
7,0
8,0
9,0
10,0
11,0
12,0
13,0
14,0
15,0
16,75
17,0
18,0
19,1
20,183
21,107
22,64
23,22
24,0
25,139
26,65
27,33
28,7
29,3
30,0
31,0
32,56
33,0
34,0
35,0
36,28
37,0
38,0
39,0
40,1
41,3
42,0
43,0
44,0
45,0
46,0
47,0
48,62
49,0
50,0
51,0
52,43
53,0
54,0
55,0
56,0
57,23
58,7
59,0
60,0
61,0
62,22
63,14
64,67
65,442
66,475
67,581
68,583
69,542
70,559
71,574
72,407
73,388
74,388
75,384
76,384
77,381
78,387
79,384
80,463
81,378
82,383
83,393
84,426
85,389
86,385
87,391
88,389
89,385
90,386
91,383
92,382
93,381
94,380
95,388
96,454
97,378
98,382
99,380
100,422
101,383
102,386
103,385
104,386
105,385
106,397
107,389
108,388
109,388
110,385
111,389
112,475
113,390
114,390
115,388
116,414
117,386
118,386
119,394
120,383
121,382
122,388
123,387
124,386
125,383
126,388
127,383
128,478
129,388
130,384
131,387
132,410
133,388
134,381
135,386
136,390
137,392
138,386
139,394
140,389
141,388
142,385
143,385
144,473
145,381
146,385
147,387
148,410
149,383
