"Interval start","All packets"
0,15
1,14
2,16
3,14
4,15
5,20
6,15
7,13
8,16
9,14
10,14
11,17
12,16
13,15
14,18
15,19
16,17
17,17
18,15
19,26
20,188
21,217
22,1911
23,2420
24,2025
25,1752
26,2526
27,1544
28,3039
29,2001
30,562
31,1269
32,610
33,2529
34,857
35,1388
36,402
37,2029
38,2841
39,1412
40,751
41,268
42,989
43,389
44,465
45,365
46,568
47,745
48,928
49,2401
50,840
51,1291
52,1113
53,1328
54,799
55,435
56,255
57,1548
58,814
59,362
60,1370
61,4277
62,4325
63,4239
64,3318
65,2927
66,3981
67,4665
68,4452
69,4414
70,1555
71,1198
72,826
73,487
74,1555
75,397
76,1024
77,533
78,155
79,703
80,3353
81,3312
82,733
83,2763
84,6256
85,6197
86,2359
87,365
88,4981
89,8513
90,8418
91,7355
92,4644
93,2526
94,2714
95,3755
96,2242
97,1551
98,476
99,3075
100,2697
101,3011
102,1591
103,752
104,3570
105,1183
106,1231
107,4971
108,4543
109,1604
110,720
111,686
112,420
113,1390
114,635
115,1166
116,165
117,375
118,4779
119,3855
120,777
121,2033
122,2064
123,540
124,4330
125,4282
126,2476
127,397
128,980
129,335
130,703
131,480
132,600
133,1008
134,266
135,640
136,994
137,322
138,891
139,219
140,1774
141,278
142,188
143,2102
144,250
145,1419
146,2414
147,4550
148,4812
149,2763
